942844130606157824
942832706823520258
942815790000156672
942798151647457285
942781393402322944
942470767320686597
942451520657920001
942451194227757057
942451004104159232
942450852052205570
942450790681206784
942450718656598017
942270212967141377
942180023414509568
941867663667625984
941801457086619648
941801277821943813
941184435965386752
940805926126342144
940733041940541441
940727212466155520
940101914758221824
939889846306435073
939577796409643013
939388045111037953
939323238831845376
939262583915282432
939210583278276610
939210087637413888
938891307673628672
938680426951999489
938677167864664065
938166360294805507
938043125678903297
937943745269501953
937375164605648896
937044997186125824
936644527644971010
936642526844420096
936390351123877888
936138391267180544
936135779054694400
935717471482507264
935664911941799941
935662749702553600
935364037520642048
935342745476059138
935221868319166465
935199770880000000
934863900637581312
934548371611713537
934547598278578177
934235021715456000
933879127274336256
933879036027244544
933872786459774976
933871603590533120
933869994970112005
933869931942301697
933869756838531072
933383810179362816
932660466912059392
932310261758922752
932309454388899845
931778869195132928
931778466734845952
931705439267500032
931602711677669378
931326082967654400
930880777193222148
930313066553790464
930311202781253632
930230112557125632
929486836002586624
929135573767458817
929059351041626117
928895298608488454
927245964582293504
927025372260073472
927025194618761216
926225525873442818
925373088031760384
925373007723364352
924869694066130947
924840928195547136
924840627724083205
924760873612214274
924738914702807043
924722202620104704
924169188448571392
923995275613626370
923940618648289280
921787878337863681
921747036822794241
921487591152766976
921467297679757314
921428004659703808
920853661546315776
920853470944645121
920841464418066432
920840539607625728
920645502240284672
920495940494155777
920431374884012032
920429775726022657
919771082009251840
918923174443659267
918921622421204998
918679061538492416
918668621450235904
918374071859105798
917581776507359232
917502621199544322
917502515654135808
916896587867095040
916789204918718464
916492376553803776
916080403269767169
915800070834049025
915691193148813312
915440335488200709
915439956839026688
914957861674942466
913814038152384514
913813445098770433
913437351074045952
913163840514396160
912870795046682624
912086948449341440
910544211421908993
910544128370462722
910188887573745665
909941941105758209
909902167368175617
909648689949528064
909446384339832832
909446369689112582
908468555582238720
908433737993605126
907813414990479365
907678546587475969
907482961372688384
907444121685708800
907075302211407873
906966279873089539
906926947141263360
906764515890606080
906757883567775744
906751885339713536
905266804712460290
905115913766268933
904420070176280577
904127527483998208
904099350070140930
903808027790331904
903754688159510528
903672786127859712
903662316956372996
903319612594499584
903315152946257920
903312064625639425
902228142089220096
901585453832441857
901338639984193536
901166006600708097
901148170339725312
900843260855410688
900843199253676032
900749654077341697
900507337491980288
900486354328539136
900190411712593920
900189157196255232
900051806490951681
899844641431990272
899844260421402624
899833056093011969
899724788704346113
899703309002567680
899671478735478784
899671344245350400
899671029903216640
899362283557724160
899318032350294018
899277093485367296
899263306988433409
899263200629329920
899004806433562625
898998279052152832
898938141029085186
898929972093517824
898896004686028800
898687165885947904
898578827135275008
898464184198983681
898386193871720448
898338071208382464
898337774792712193
898333822424555521
898018578267598849
897487864577085440
897162714325417984
896912830124797952
896224431449755648
896044293776969729
894225322656358402
893595880246345728
893140287102623745
893093137232670721
892830664134987779
892599384407392256
892444025927733249
892443127600087040
892429891706249217
892238941381963777
892223946153762816
892197160523096064
892128319579226112
892044414524284928
892042980793700352
890407238275391488
890213450168885248
889520733977759745
888608434626732032
888608285716303872
888149155092320256
887368828585431040
886044124704624641
885572327114764289
885223458329817088
885222601802600450
884964353728032770
884964266813648897
884836670956326912
884623082987671552
884457484953542656
884400685047062529
884165625698021376
883734069456105472
883699269408083968
882811576226598913
882423809491566592
882420951601876994
882410870365716481
882371979344588801
882090688875245568
881910249120305152
881705620939956227
881676080331075585
881559929886257152
881337794744004608
881224478063300609
881224415782031361
880988009474269187
880956147884318720
880778909448630272
880613053351571461
880428992540626944
880147568310845440
880051487614873600
879899973348995072
879793489629908992
879783111017549825
879783039106252800
879782624738279424
879539386215538688
879518614482804736
879433362850623488
879355411220099072
879148115969941505
879013362708992000
878682322295500801
878678151387328512
878639782582251520
878493841497739264
878440491930587136
878327764213878785
878241019766095872
877892621611409408
877737300326666241
877691439324508162
877665179772874753
877559734185975808
877538075253125120
877350981536755719
877338222556094465
877330664428720131
876999728013217797
876828813241581569
876611388969541646
876499432694566918
876498140588904449
876497950364585984
876332405463937024
876260829175402496
876223318172598272
876219023830261760
876218830808371200
876206608195489794
876206468801978368
876206125334618112
876205709934956546
875948658428137472
875948527939137536
875869034297864192
875513380106358785
875512476737167360
875464090176688129
875161235402219521
874833402163322881
874832315255574529
874828990573400064
874460276854337536
873942121010651138
873325507579973632
873255953537388546
873255867289923585
873182209435471872
872935594158161922
872935354768216066
872629247625527297
872550321201045511
872548448347840516
872296215786008576
872296162660933633
872269852890865664
872243712977448960
872216204978638849
872216002460868608
871551020857532416
871405570758258688
871398208601239552
871396209872777216
871396192898478080
871205685664415744
871107800642048001
870828913399824384
870794578147856385
870693311446634502
870462213055799297
870461293056192513
870457167266156544
870455401669644288
869753790316109824
869753737765629952
869356946889072640
869347093051256832
869004162146725889
868282272310599680
868250929614737408
868248796261691393
868248426722598912
867802288764661760
867502539729760256
867176864049221632
867138402419867655
866767984093782022
866675027260977152
864336304749764609
863190993729978370
863190383651639300
861814929212493824
861810729262997505
861784549231128576
861401609129136128
861396425443336192
861396404891258882
861396336293359617
861396121792507906
861396003873849346
861395940057518080
861355623895756800
861071477839454209
860588815261589506
860388479846543360
860297625056227332
860297504893657088
859825310182895616
859804009816875008
859803903097012225
859646755759157249
859161962592296961
859161650825498624
859161516880400388
859145659781402625
859144850679136257
858763077239656448
858756218541797377
858719239234093056
858498213279674368
858363965973438464
858346238416125952
858140647664037888
858140319090700289
858046598089244674
858046592246525952
858025675911036928
858025511225872388
858011796027957250
858011629333643264
857995659642904577
857498006291189760
857332901062610945
857233966046248960
857123153469943808
857116076450222080
857067072286797824
856919484157882369
856893652894875648
856395748132487168
856359457965658112
856273517683388417
856197826895917058
856197709358915584
855419300001325058
855251678551052288
855152840913932288
855097902657679361
854913259358625794
854894720950128640
854894225787322370
854877482398494720
854775433136623617
854707441866604549
854670950679420928
854560280399032320
854440149371039748
854406994089967616
854090853891145728
853855738480951296
853836264457588736
853800675322585088
853283988361883652
853280923038691328
853277965370765321
853024740663013376
853024354690633729
853024245626142720
853024139162071040
853022647977947137
852647248391536643
851492691804401665
851305436921954304
851303131707133952
850707917305262082
850410820681052160
850401159777050624
850047914739200004
850046935310446596
849710157059825664
849651961536368643
849649489564631040
849329012333793281
849325676691849217
849098655734923264
849093180888936449
848791230481911809
848507706046656512
848384743838187520
846793796742516737
846780947420852225
846502022396493825
846241776000258049
846233859532505088
846183208509165569
845808831359848448
845807700340621312
845649315506860032
845648593251913729
845309574437617668
844928819500924929
844782932963188736
844751461103865856
844750805827772417
844062570927538178
844062195193450497
843992217438052352
843872733679276037
843872651785453569
843593703268782082
842443309272432640
842272859112259588
842272849297571840
841498457206484992
841498058114269184
841466550146101250
841412533122605056
841411446508421121
841411377185013760
841401987610501120
841400790812045312
841399119000170496
841103994990796800
841103672092315648
840288056930422785
840288012584001538
840051326121848832
839590178511544320
839587832058507266
838901398548934657
838465631871709184
838318128538988549
838317760748863488
837780588107005955
837501858390355971
837501461948948480
837500572546838530
837395839433703426
837387762156335105
837387189034102787
836950274614968321
836950251399413760
836949217021161472
836721809856802817
836662714525167616
835709498711019520
835708396171063296
835707979106246656
835638806099472384
835590448374755328
835549750757900288
835264202356973569
834849421246488576
834659176756416512
833910040310472704
833850037146886144
833736636542414849
831201733674201088
829938769146978308
829894664077639682
829574545455603712
829422762762633222
829413984751255554
829396537168035840
829036528168996865
828830719359213568
828830331499380736
828621780965269506
828619440740786177
828320492859817985
827960109955481600
827935056677203969
827927269352075266
827883875066118144
827383979749756929
827236898942885889
826207545081679874
825611904974520320
825132067608461312
825095333382352896
825061394043240448
825061295389020161
824891602053189638
824880436597837824
824690151020523520
824458452433072129
824327420270538752
824286291743408129
824118116032663552
824117809441542144
823788245179924482
823418422457495553
823417040371351552
823244964142444545
823054254168559617
822906418458193921
822906358739697666
822874144010358785
822736250935320576
822711616869400577
822704895010738177
822703780667998212
822693639289798656
822579064519196673
822579058202595329
822579052036898827
822557772566892544
822510834484187138
822265938422669312
821620354670096387
821619789030391809
821442170452328448
821055276866486272
820890710417276928
820721235189448704
820502284777955328
820331851663478785
820065925328207873
819953473190039552
819953096151498752
819755241981771776
819626484184842240
819412729433886720
819371621454647297
819368960542076928
818913763483123722
818888444424372224
818874422618624000
818724673676607489
818644059644448768
818615896839225345
818506672322867201
817993773040996352
817993606191607808
817992581971922944
817913646823211008
817871433321816066
817865183951458306
817522826563424256
817231206064553984
817094022376390656
816899973912596480
816400319617921026
816168556316553216
816149857975095296
816006456067715073
815762118901465088
815676693700636672
815642094593249280
815599924645507073
815395651932463110
815383818144071680
814962325690060801
814928582052978688
814852626487472129
814683962882682880
814676872134991872
814647786339586048
814639764217294849
814639618863706113
814496955027976192
814496735946936324
814322122369576960
814217323422699520
813970071873687552
813920169990856704
813920076558536704
813600942050291712
813600782192754688
813518001811038208
813214607905062912
813212652214304768
813212464154349568
813044677851025408
813038959039127554
813038543194886144
813038177728376832
812809654698770433
812418434180980736
812066048782503936
810684882607341568
809280508811235328
807786773824815104
807785617316872192
807331969432424448
806988140699353088
806983814677401600
806730126754881537
806180616370814980
804407064533618688
803755126741696512
803687891843055616
803678982608658432
803677099810783233
802666172357300224
802665691157528577
802618987532193792
801982212035977220
801976219227062272
801852613012705285
801852473006845952
801582449524359172
801255388645621760
801254280099401728
800953577011290112
800585363551125504
800583424775860229
800234179216678912
800233972005380096
799725330177150976
799714353842819072
799692506678128640
799488369021616128
799488229066022912
799048148354220034
798687842499198977
798350906601443328
798318689254801409
798038541347340288
797561110186643456
797179175161491456
797179048233488384
797178799762841600
797177876097409025
797176986619801602
797176915169857536
796829631290740741
796825295982620672
796825140130643968
796555777536311296
796510678676832256
796508713486024704
796508669366112256
796507054244503553
795849984642052097
795758099009302529
795468150288646149
795467727913779200
795467437546291200
795467411579400192
795466904420974593
795466821109481473
795465849427685376
795465565976535040
795463874308964353
794678534442721280
794677818059853824
794676412166836224
794601602334257153
794600886190407680
794599452308860928
794598651876245506
794268188024438784
794226608446013440
794210911020077056
794205332457267200
794192248955174914
794068131954167808
794067564284563460
794067021470240768
794046060461223937
794045966198390784
794045573850656772
794039499462426624
794039469498306561
794038856693772289
794038808153100288
794038158530932736
794033681744674816
794033606054199296
794020042174296064
793960972834709510
793540850139721728
792871261571538945
792864275303899140
792863997888430080
792863823464112129
791379960120377344
791175034396041221
790710084645060609
790684703217049601
790594526947737600
790021641950654465
790003428697124865
789955407137603584
789955315970244609
789919070040621056
788927196748402690
788041409840513024
788039727383314437
788038771446992896
787833950815199232
787029331675602944
786776623865532416
786680769238401024
786652963754377216
786642776423297024
786260831445057536
786250384461488128
786057194668224512
786057179052802048
785981753655689216
785908415574970368
785721737115758592
785710288683368448
785690020992671744
785689357839728640
785689085780385792
785614756338098176
785270070343794688
784988956542861312
784988921797181440
784088312940269568
783899832289230848
783899221929984000
783760041727918080
783710328190275585
783148738562891776
782792479393316864
782281534137110532
782281048885518337
781947794655444992
781522583397273600
781522015152959488
780914901590110208
780460879657721856
780186835041546241
780179876867432448
779902441026224128
779533485815963648
779523197209157632
779459977358422016
779199688302034944
778827527628390400
778813998909132800
777942291310936073
777942282695798784
777935099350421504
776545345492877314
776539910845104128
776248823379288064
776248736225820672
776248634610446336
775566603668844544
774097109846863872
774097011201052672
773871499883253760
773742064295174149
772625393346052096
772194931926507520
771970172592787456
771698870392872960
771080328286986240
770740691085488129
770740266928046080
769304158788784128
769180065812938753
768837502216069121
768835995475271680
768528303732957184
768148753534582785
767767634721005572
767137316401848322
765713722354446336
765559885903831040
765386018384187393
764545228850290688
764202883348856832
763857522725838848
763773442915086337
763455872056102912
763452882825936897
763452521134297088
763257393316712448
763251797800517632
763183960910209024
762866248925401088
762843642616684546
762843285303939074
762750879720177665
762514540948959236
762500607663931392
762420093280063488
762416808217358336
762132431562346496
761779051530887168
761687700776681472
761606507527938048
761605714548629505
761000860025434112
760865861762560000
760694183275466752
760688959995449344
760530576516403200
758512260696408066
758493681145872384
758492674810744833
758489062927962112
758488181553688576
758401204833624064
757797426879041536
757765076166344705
757765056494989312
757247886316810242
757247853915811841
756327840941875200
755034205877338112
755034158947336192
754561415747399680
754453107245981696
754305376846217216
754049574163984384
753994650801676288
753788753630654464
753610498176876545
753420560952991744
753038900562583553
752282252176822272
752274693319630848
752273909605511168
752273638791925765
751924412040024064
751628871267553280
751628779072659457
751451636665581568
750849937039056896
750813395343929344
750509545915576320
750038619910320129
749488404065312768
749478696843485184
749025458155577344
748975461988982785
748873241360564225
748675511958667265
748000716258746369
747885982796685312
747885601471463424
747547426324615168
746556653353349121
746101280179916800
746016716891758592
745757132511813632
745605534410285056
745434814677819392
745418696470863874
745116733225078784
745027116555730945
744588309926645760
744255115771674624
744222153395027968
744209142710214664
743865510496960512
743286767520882688
743149402232066048
742792170793512960
742388102749167616
741508802630012928
741416687300313088
740769401771790337
739916325737234432
739914768421507072
738840582752239616
738234875572948992
736811053116477440
736054312778928128
735893596352610304
735693448620036097
734395445192085505
734225144793665536
733864944488353792
733864845255135232
732601455643873281
731650143074832384
731345180272394240
730964566121709568
730949273789988864
728304315400589312
727700958533328896
727700875209285632
727682070458281985
727033914125094912
726973376095490048
726973299281002498
725206559509368832
725206189131321345
723763929273516032
723511879025479681
723218258938191873
722238186471211009
721928852398809088
721577798410858496
721113599851278336
721023049697488897
720473331108081664
719873947463000064
719873871608987649
718470284932726784
717463882781077505
717228255594614784
716408920391225344
716408889890234368
716370958513209348
716341151129812994
715645357909221376
715630098930671616
715294419050762240
714549269101998080
714473038465466368
714339465242628097
714122875859382272
712738254173433857
711998322152751105
711930590736551937
711929951495266304
711929227487158272
711638528187359232
711638466895937536
711335498745311233
710891162631069696
708875587889139713
708875441159843840
708873991981666304
708093554292166658
707726239482716160
707709151737032705
705200371564728324
704865069750943745
704201087172145152
704200138160525312
703473452934701061
703293096134647808
702358303448408066
701154603153362944
701129220974579712
700603577564323840
700518915399675908
699844246493392896
699049668056117248
698221328164397056
697486216376229889
697481711752454145
697291913490259968
696529811263590402
696504646286884866
696371209370476545
696156666014916608
696154167417663490
695681309839126528
695249537083006977
694414648716705792
693923098123460608
693895499439587328
693485746271969283
693063599464566784
692541105112498176
691883300818935808
691107643935584256
691100101796859904
690992914986614785
690544085464190976
690421693085396992
690183303975079936
689655959342424064
689653767072043008
688596573719236612
688569315889692676
688411146592907265
688024453108908032
687814707017854981
687325174274854916
687170945056911360
684269738546085890
684139642132803586
683796888580141056
683795168772931584
682692295293026306
682470526447710208
682470010846097408
682458200097067008
682452934874017792
682450982408712192
682450377246175232
682449945799077888
681560843985760260
681385602659561472
681385542794244096
680889067169542144
677495428737318913
677332293606854656
676925346495733761
676643188212432896
676612266893119490
676600305295958018
676577205464391682
674857266336669696
674857027101962240
674727876546179072
674707380597338112
673190543833341954
671753909703155712
671029550160191488
671028875632185344
670719046418079744
670160173978157056
669134292908433409
668841937206689792
667749915699912704
666508284724137984
665214286562787328
665175767224074240
664150922495459328
662838900390539264
661608801179729920
658867197515821056
658133885478400000
657811915410939904
657410808364814336
657051551467442176
654752874954526721
654427730809913344
654312895136796672
654312421914509312
653718778665115648
653011793376378881
652483108550406144
652152932230520836
651956370414157824
651923233722212352
651025044416630784
650856979414519808
650856731036262401
650528155741089792
649436861937655808
649434257866235904
649433804420050944
649433160166567936
649424821454024704
649409622609133568
648910198959132673
648693855999684608
648693843475492864
648480508247191552
647978244239704064
647894192648228864
647467859027849216
647209087470575617
646521002336325632
646377047850246144
645844078291193856
645090922313740288
644888350172778496
644576275454148608
644365432074412032
644002417688866816
643089850867056641
642583310745665536
642170246460219393
642032749600206848
641849877899681792
639803683673374721
639781294705086464
639493438094901248
639484003737841665
639232979173138432
639130636922585089
639059214145585152
636003133483810816
635511757851725826
635304793876090880
634911291216277508
634775643805327360
634402696871723009
634378807508504576
634359307459424256
634189675540840449
633797010789830656
632775909209206784
632629510823804928
632302534917533696
631845305235824640
631544352167235584
631178542328315904
630539460522995713
629472262438006784
629472010360336384
629025939264040961
628685704751632384
628216217489117184
628214344124231680
627701014666215425
625880891223511040
625878707501072384
625878394882801665
625745629973614592
624779732488359936
624352395724746752
622608815108722688
622288543361007616
622287967755698176
622287720140791808
622221606711132160
621902290908114944
621760664235823104
621111721566953473
620648312773832704
620424230639902720
620350278831874049
620321623107833857
620264589482135553
619922949559062528
618832137920356352
618661675789479936
618235390223253504
617921931015118851
617920934771490816
617839490074152960
617835573886107648
617830526322282498
617501157867393025
617501129119698944
617224078932381696
616837318465482752
616452746657468416
616424562549350400
616294288721231872
615997583161307136
615388396345692160
615388192015945728
615387127459655681
615021886511034370
614818563132555264
614647531595804672
613134390772658176
613125078927175680
613120719006797824
612829274798567424
612807248016834561
612798861770276864
612798701489098752
612798595465502720
612452549195636736
612335543599300608
612335431439364096
611366370802962433
611365944963633152
610925907750993920
610645583435399168
610644032289570816
610642032885809153
610639014236782592
608828795643023360
608815803358576640
608809572346675200
608743562310590465
608455822885163008
607553668477362178
607391205165514752
607391170541387776
607391128032190464
606980679071432704
606690774114140160
606555399530020864
605219114370527232
605208570846572544
604087196966985729
603049668092657664
603044974976839680
602961005300228096
602900980590649344
602719153351499776
602550595212300288
602345544023834624
600903722059739136
600488587977568258
600049336165212160
599864442684215296
598915417441054720
597963208746344448
597584363199401984
597523439251914752
596918395989139456
596763920691494912
594726666481590273
593098979526766592
592059288178302976
592047059861184512
592034092495085568
591985712486035457
591864170884259840
591844310150160385
591843267588796416
591834510041448448
591829323503509504
589649833364955136
589466726099714048
589328456195960832
588477154884767745
588158975830528000
587816641217622016
584913018414170113
584560470079569920
582762869483298816
582371117622493184
582031367162228736
582022583333330944
582020783926579200
582019687413886977
582016231835828225
582016013652369408
582014696259211265
579843641373536256
578016313030909952
576239221947506688
575789950249078785
574915527845486592
574802977715798016
574686738683011072
574440164132438016
574378110692425728
573580084717690880
571181501372620800
571107669869764608
570999116840472576
569188811172937728
568970283140431873
568530005036306432
566672141488492544
565628517074083842
565160600805072897
563520684929064961
563428847262380032
562061424684695553
562051181137379328
561538495496585216
561451557125099520
560680162115981312
560289477877587968
559797973107101696
558014659039862784
556073972081917953
555850878985703425
554845884203409409
553814994530598913
553033707477811200
552523640999530496
552522573238788099
550858603331346432
550792223630311424
550537818297339905
550536768362397696
550535829937205249
550358084766683136
549317023944028161
548971435335507968
548216219325591552
548128666895409154
547580013613035520
546385344653176833
545644986826764288
545433867839356928
544725128693968896
542522776381173761
541466705034498048
541461261616414720
540655616579346432
540032562589364224
539172331969871873
537504900205527040
537308482790498304
536756167293542400
536271561926672384
535555683920662528
535289608733736962
534553809574699008
533162941294841857
531244314178101248
530214709790646272
528724581713199106
528579435734532097
527655865764290560
527305573579374592
524724136682061824
524034379576643586
523687271317635072
522527559670853634
522459222790139904
522154700041617408
521787098127667200
521469587863666688
521123473922723841
520062719232573441
519943037825613826
519336986222821376
519314400294240256
518864533184843776
518591825289154561
518407284603756544
518405432097128448
518267388157259776
517854368088219650
517165201150713857
517162406041358336
516426866409099264
515905335316709376
515344728901304320
514021627236196353
513818936945938432
513798567908360194
513715414229340160
513455434599239680
511893432043073536
511274180810383360
510636921828044800
510599652799176704
510497484138094592
510497026040418304
509904084082909184
509805386279698432
509734350045605888
508738314435051520
508661019074629633
507714955479896064
506831965367312384
505969715861528576
505968747950379008
505121535108329472
504463739761221632
504463049663983616
503037424088662017
503037301031989249
502668839499612160
502245763888316417
502225783705067520
500860312799944704
500856521367232512
500366443155030016
500253090617233408
499668547866357761
499397133255315458
499392593114202113
499311869505445889
498336645381648384
498335760794550273
497890468529586176
496783897263226880
495577491088498688
495268189992157184
492159829939482624
491203155972349952
490327363629355008
489945823246307328
489865000068984832
489827055408672769
489549615801184256
488552709352460288
488414027681243136
487114301379866625
487113059542908928
487111574763499520
486247650287575040
486242037474160640
485588865420247040
485276999057829888
482562932589359106
482225313510731777
482027813495533570
481828131171352577
481611482199621635
480851420996841473
479062183548944384
478582965362909187
478270314229407744
478013748196945921
477890421410906113
477828041821786113
476190615747584000
474720995844947968
473300937789153280
472409396316602368
472183496580952064
471773200678809600
470654127848951808
470266963907076096
470165948461105152
470049916228624384
469873037227991041
469487945464823808
467821724130480128
467667005479190528
465357375054950400
465208483214655489
463877229370290177
462750904085929984
462701497122574338
461339130291843073
461329786133307392
460623573187452930
460163679602765826
460101480532680704
459472714625847297
459191179209211904
459124239358885888
459115606994731008
457944324039135232
457880929193582592
455858091569848320
455847906046910464
455456714188259328
455181550272139264
455174949896855552
455050915645362176
454805259269840896
454780308853104642
454770280800722945
454647552106037248
454271077188112384
452652431151611905
452535592790675456
451184312306511873
451181128926244864
450117571593789441
450108008119296001
450102575292219392
450096043216994304
450092760398184448
449703549275222016
448637514786410496
448199137721212929
448135469205688320
447900147474006016
447528342292795392
447520726602371072
447518269855920128
447517476822462464
444999845300822016
444974375159091200
444973563687489536
444268667594113024
444147455525789696
443890284628156416
443587928262848512
442871167029112833
442423669101309953
442421038077337600
442419916100993024
440999094698274816
440241428950548480
437285395206664192
435941258138116097
435575799681654785
435112593456254976
434150349415276545
433077191010553857
432704156927668224
432674434088849408
432617968611377153
432537147258572800
431915556019531776
431769658685788160
431611476692852736
430179191041310720
430160526006444032
430154274941972480
429800930666881025
428679273449144321
427870698028019712
427870661139107841
427870077254246401
427361383005433857
427360930687492096
427359837442162689
427356654942703616
425489397773905920
425447436652249088
425311901997092864
425077122034446336
424986175456022528
424592203285934080
423594607272656898
423319546611916801
423220730625814528
422535456027607040
422432497516179456
422129823083798528
422127844081164288
421837401829302272
421708274912616448
421499766527496192
420421729920372736
420418655990472704
420389925352009729
420296122267992064
419661935341088768
419661167825408000
419659452816433153
419579419976400896
418817394895638528
418449645153431552
418197011205070848
418196928409518080
417901754194198528
417882085979095040
417773001346519040
416822221265309696
416820848390340608
416819917942292480
416690065843044353
415128727123537920
415123353213472769
414886118639689731
414869212423651328
414183535927234561
414159386026590209
414131758045483008
413821188230889472
413820532425908224
413459210324566016
413138739696009217
412748883962249216
412094567828041728
412083968343670784
411987639298818048
410574973859028992
410421490148839424
409534601929830400
409534425609695232
409508856960937984
409478470498918400
409393322453520384
409149522267217920
408086074335174656
407266194589507584
407028710811111424
406976882396372993
406942766585769984
406266216940982272
405904969972596736
405790131447033856
404999563372535808
404706543620591617
404081355220582401
403745956107386880
403735513624231936
403700420818001920
402584205156028416
401818147709132800
400476432096174080
400461000081567744
400014795166203904
399394453816750080
398654415181070337
398482532431175680
398213677301518336
397499541030596608
397125125570453504
396755139962605568
395772925187338240
395772765782814720
395751842845425664
395751828345729025
395751064260988928
395014964336807937
395013040170483713
394632943072579584
394561690001371136
394134015113846784
393594577841836032
393443719787331584
392877123427237889
392471737230565376
391781631754641408
391705875645079552
391701693982728192
391401536540377088
391032322851479552
389940814542954497
389940790807392256
389437217099096065
387047661960200192
385610551797112833
384815597738942464
384793754520911872
384407404676272128
383410095008141312
382968266886352896
382687045946052608
382333451174543360
381266224346193920
379799168442576896
379787333236568064
379782752004243458
379779414080253953
379409484994461696
379409067929653248
379106128296042496
379082124348755968
378941519094239232
377613428434927617
377573417249427456
377572747234127872
377269567094919168
377267380696535040
376195310487220225
376027034540982272
375419650642702336
375041175561830400
375034682858930176
372195394572140544
371049499944181761
368058824478830593
367852081920499713
367808544893972480
366691697649913857
366037998791426048
365989159564886017
365308563704397824
364554810890399744
361297223159513088
359539013696233474
359138864536895488
358658551293546497
357364302887387137
357352840609538053
357156188883922946
356153942318657536
355339310498721792
355135283261476865
354049795624677376
352509594121158657
352165685989871616
351002047136538625
349577402260795392
346791498353881088
346099980173443072
346051068448354304
346037643122974720
344968228570796033
343586787639308288
342428214771212288
342421273281970176
342420577363042304
341336450601742337
340959053129846784
339933828875423744
338566017007640576
337738954843512833
337003156917596161
335952302752022529
335891337834549248
335870545000288258
335854949743333376
335229186761437184
334087357596831744
333754913949626368
333712099329056769
333706304164069377
333360798074302464
333360782991560704
333320324315754496
333240956465852418
332706795816620035
332298341138452481
331926981220380672
330897671722254337
330749527676035072
329056800982847490
326579922296504322
326530097756651520
326529617093603328
325678646398447616
325470904362614784
325470037282525185
325431933561610241
324670926488760320
323982497291583488
323981618295496704
323597682755121153
323252516240388096
321466893758234624
320623482331344896
320216995209560064
319578584899547137
319515724827734017
318521400774230016
318514133026881538
317820036343554050
317461342070112256
317131002533269504
316747916830199809
316690353124151296
316387878835982337
315993388396732416
315967765670420481
315642726022533120
314841781130895361
313459954298281984
312933382696886274
310595843432534016
310188438999678976
309516043037069312
309515574013218816
309064782479233024
308786929774776320
308691917275811840
308294475090886656
306983213505585152
305891753725149185
305512645711249409
305360725637996545
305190152949624833
304094689009737729
304025066914586624
303746287382167552
302227900164341760
301923045528973312
301535425535823876
301533792349339648
301532578006044672
300837364601868290
300834267230007296
300832727526154240
300407370243268608
300404055149256704
299709924194258944
299301415229214720
299299393218154497
298276874092687361
298261687641989122
298256800745136128
298255258226933760
298223703651659777
297127387341139968
296830825679446016
296411500313194496
296052303268573184
295366073434378240
293942101232721921
292095200027893761
291709629501685760
291231533380009986
290842046032404482
290708942122786816
289586391006990336
289582598437629952
289581771593498624
289495676952387584
288784465591947264
288496380144672769
288477798203535360
288477753899094017
288466765657305088
288465057426309120
288463542938644480
288462034947936257
287336035917127680
287258672919367680
286908881228165120
286890467088560128
286664534788288513
286645698026409984
286033322361110530
285985935328432128
285967475689009153
285631891263090688
285548440912539649
285241658323378177
284762270590971904
284453642273181696
283347461165166593
282733181554266112
282628268660760576
282112937089445888
281983398237573122
279369349830160384
278298794779615232
277162684112326657
276830769278754816
272557532306870273
271708987903340546
270185390663667712
270017532923097089
269274374220165120
268934662783643650
268123145356062720
267826287387738112
266040144740626432
265979458031349761
265265787248451586
262738010548887553
259141085501202433
258404267755454464
258043779418836992
258035517776621569
258002410428067840
257664238234005504
256465733180067840
256232787684761602
254714332036870144
254048381603819520
252943413379485697
252611509878939648
251100258308866048
250419490595160067
248221039774015488
247050428251004928
246740046261149696
244993693055057920
244263652776103936
244203721981034498
243192769055690752
242468113772314624
239865699756040193
238477295248084992
235201798426750976
234791738437406720
233765523727470592
233375893257592832
230865801660477441
227976842034962433
227955309719744512
227203474637590528
227140729904979968
226846198215102465
226263347761385472
224701897603420160
223850050797846529
222531612775170048
221294452034117633
221270166087016449
216216454515785728
215805902505250816
215627459998138368
213089935077548034
212568729878413312
210434296161382401
209411078554263553
208265664731951104
208033282317746179
205117034969841665
198222871523364865
194985706328821760
192443488552484864
178908330138406912
175997681431351297
175991197041557505
175982720801980417
172087124181528576
170344345243893761
170291497164484610
168896471360475137
168723612034015234
168417038329593856
166329162989182976
159055263385653248
157632028014157824
155838869114331137
154468665742467072
152822370443329536
150716485185175552
150003356994240512
146076112483651584
943696141807509504
943695056808108032
943651046143987712
943638555481595904
943638202086281217
943585450261966848
943572249898115072
943572024940728321
943563679794106370
943381990207819776
943365105332510720
943281109533589504
943272322374537217
943141404158709763